0
1
2
3
4
5
6
7
8
9
10
11
12
13
14
15
16
17
18
19
20
21
22
23
24
25
26
27
28
29
30
31
32
33
34
35
36
37
38
39
40
41
42
43
44
45
46
47
48
49
50
51
52
53
54
55
56
57
58
59
60
61
62
63
64
65
66
67
68
69
70
71
72
73
74
75
76
77
78
79
80
81
82
83
84
85
86
87
88
89
90
91
92
93
94
95
96
97
98
99
104
106
112
113
120
123
128
131
133
134
136
138
141
142
144
151
152
159
160
162
168
169
170
176
177
178
183
184
187
188
191
192
194
195
197
200
201
204
205
206
207
208
209
210
211
213
214
215
216
217
218
220
222
223
224
225
226
228
230
231
232
233
234
236
237
238
239
240
241
242
243
245
246
248
249
250
251
254
256
257
258
259
260
262
263
264
265
266
267
268
269
271
272
273
274
275
276
277
278
279
280
282
283
284
285
287
288
290
291
293
294
295
296
299
301
302
303
304
305
307
308
310
311
312
313
314
315
316
318
319
320
321
322
323
325
327
328
330
332
333
336
338
340
342
344
346
347
349
350
352
353
355
356
357
358
360
361
364
366
367
368
369
370
372
374
375
376
377
378
380
381
383
384
385
386
388
389
391
392
393
394
395
397
398
400
401
402
403
404
405
406
408
409
412
414
416
418
419
420
423
424
425
426
427
431
432
433
434
435
436
437
439
440
441
444
445
446
447
448
449
451
452
453
454
455
456
457
461
462
463
464
465
467
469
471
472
473
476
477
479
480
481
483
485
486
487
488
489
491
494
495
496
497
501
503
504
506
508
509
512
514
515
518
520
522
524
526
527
528
530
532
534
535
536
538
540
541
542
544
545
548
550
552
553
554
556
558
560
562
564
566
567
568
569
570
572
574
576
578
580
582
584
585
586
588
591
592
593
595
597
598
599
600
601
605
606
607
608
609
611
613
615
616
617
620
621
623
624
625
627
629
630
631
632
633
635
637
639
640
642
643
645
646
647
648
649
651
653
656
657
659
661
663
664
667
671
672
673
678
680
684
688
692
695
696
697
700
702
704
705
706
708
712
713
714
716
718
720
722
724
728
729
730
731
736
739
740
741
742
744
746
748
750
752
756
758
759
760
761
763
765
767
768
769
771
775
776
777
778
779
781
784
785
786
787
791
792
793
794
795
797
799
800
803
805
808
809
810
811
813
815
816
817
818
819
820
821
824
825
827
828
829
830
831
832
833
836
837
838
839
840
841
843
846
847
848
849
850
852
854
855
856
857
858
859
860
862
864
865
866
870
872
874
875
876
878
880
882
883
884
885
888
890
891
892
893
894
896
897
898
899
900
901
902
904
906
908
910
912
914
916
918
919
920
922
924
927
928
929
930
931
933
935
936
937
938
939
941
943
944
945
946
949
951
952
953
955
957
959
960
962
963
965
968
969
971
973
976
977
980
981
982
983
984
985
987
989
990
991
992
993
999
1008
1040
1088
1112
1128
1152
1168
1184
1200
1216
1248
1256
1272
1280
1312
1328
1344
1360
1376
1400
1424
1448
1472
1488
1504
1568
1576
1600
1632
1648
1696
1752
1768
1776
1792
1840
1896
1912
1920
1928
1952
1968
1984
2000
2016
2024
2048
2056
2072
2088
2128
2144
2160
2176
2200
2216
2232
2248
2272
2304
2318
2336
2338
2360
2383
2408
2424
2441
2448
2457
2461
2480
2496
2512
2536
2544
2552
2564
2576
2592
2608
2623
2624
2656
2672
2680
2688
2696
2726
2744
2746
2765
2816
2832
2848
2849
2856
2864
2867
2880
2888
2896
2904
2928
2976
2992
3008
3016
3031
3064
3072
3088
3104
3120
3136
3154
3168
3173
3176
3184
3192
3200
3248
3264
3277
3280
3296
3312
3316
3336
3344
3352
3392
3400
3419
3424
3440
3472
3520
3552
3568
3584
3600
3616
3632
3664
3672
3685
3686
3724
3760
3776
3816
3827
3848
3866
3904
3920
3936
3937
3950
3976
3984
3992
4000
4008
4016
4024
4048
4080
4096
4104
4112
4120
4132
4151
4153
4168
4170
4178
4195
4211
4220
4224
4235
4245
4255
4256
4261
4270
4272
4274
4294
4311
4328
4344
4361
4369
4377
4378
4384
4394
4400
4410
4416
4417
4425
4427
4432
4435
4444
4456
4460
4477
4485
4493
4504
4510
4518
4520
4543
4544
4559
4560
4572
4576
4585
4592
4593
4608
4609
4616
4624
4626
4643
4659
4676
4680
4682
4692
4701
4702
4704
4709
4717
4726
4736
4742
4752
4759
4775
4784
4786
4792
4808
4809
4824
4825
4840
4842
4850
4858
4864
4875
4880
4900
4908
4912
4916
4933
4949
4952
4958
4966
4974
4983
5000
5016
5024
5032
5040
5041
5049
5066
5071
5082
5090
5099
5107
5110
5112
5115
5120
5140
5148
5165
5173
5182
5184
5198
5200
5213
5215
5223
5231
5232
5233
5240
5248
5252
5265
5281
5288
5298
5304
5306
5312
5323
5331
5336
5344
5347
5356
5360
5364
5372
5375
5376
5381
5392
5397
5408
5414
5439
5447
5448
5463
5480
5497
5504
5505
5518
5520
5530
5536
5537
5552
5563
5571
5579
5608
5621
5638
5641
5656
5671
5680
5704
5712
5737
5760
5762
5764
5768
5770
5779
5800
5803
5804
5820
5824
5837
5840
5845
5853
5856
5870
5872
5888
5903
5911
5919
5928
5936
5944
5953
5969
5986
6000
6002
6016
6032
6036
6044
6049
6052
6060
6062
6068
6072
6088
6102
6104
6112
6120
6127
6135
6143
6144
6152
6168
6176
6185
6191
6201
6208
6211
6218
6230
6232
6235
6268
6280
6284
6288
6293
6301
6309
6320
6326
6342
6352
6359
6367
6368
6376
6392
6425
6434
6440
6442
6450
6458
6475
6476
6480
6496
6500
6508
6517
6525
6528
6552
6558
6566
6568
6574
6583
6591
6599
6600
6608
6616
6619
6624
6633
6640
6656
6657
6672
6674
6688
6699
6707
6716
6724
6728
6740
6757
6761
6765
6774
6776
6782
6790
6798
6800
6807
6816
6832
6840
6848
6856
6865
6873
6880
6881
6888
6890
6898
6904
6906
6912
6923
6931
6936
6939
6944
6948
6956
6960
6964
6973
6976
6989
6992
7007
7008
7014
7022
7027
7030
7039
7046
7047
7048
7064
7080
7089
7096
7097
7105
7113
7120
7122
7130
7147
7163
7168
7172
7180
7184
7208
7213
7230
7232
7246
7255
7263
7264
7279
7292
7296
7312
7321
7328
7329
7331
7337
7344
7362
7368
7376
7379
7384
7387
7395
7404
7412
7415
7416
7424
7429
7435
7437
7440
7445
7453
7456
7462
7470
7472
7474
7478
7488
7495
7504
7511
7520
7528
7536
7544
7545
7558
7561
7578
7584
7594
7597
7611
7616
7619
7628
7644
7648
7661
7680
7686
7694
7702
7711
7719
7720
7728
7735
7739
7752
7760
7768
7777
7785
7792
7802
7818
7824
7827
7835
7843
7848
7862
7864
7868
7880
7882
7885
7888
7893
7896
7901
7918
7920
7934
7936
7951
7952
7959
7976
7984
7985
8000
8001
8005
8024
8025
8034
8050
8067
8092
8096
8100
8108
8112
8125
8128
8133
8142
8150
8158
8167
8183
8184
8200
8208
8216
8225
8233
8240
8272
8283
8288
8304
8309
8320
8328
8352
8376
8393
8413
8432
8464
8480
8488
8520
8536
8552
8575
8576
8592
8624
8640
8648
8678
8680
8698
8704
8712
8717
8736
8768
8784
8821
8824
8832
8840
8860
8872
8896
8912
8944
8960
8963
8976
8984
9002
9032
9072
9120
9144
9184
9216
9229
9248
9268
9280
9296
9304
9320
9328
9360
9371
9391
9408
9440
9456
9480
9494
9536
9552
9637
9640
9656
9676
9680
9696
9712
9779
9799
9816
9818
9872
9888
9904
9922
9952
9961
9976
10120
10240
10752
11456
11552
11776
12064
12144
12160
12256
12672
12960
13472
13568
13664
14080
14168
14272
14784
14976
15584
15680
16192
16288
16384
16800
16896
18208
18216
18400
18912
19104
19456
19520
20278
20319
20320
20359
20416
20512
20523
20605
20646
20728
20810
20851
20928
20974
21024
21056
21097
21120
21220
21302
21384
21466
21547
21588
21629
21632
21711
21793
21824
21875
21916
21957
22039
22121
22162
22203
22285
22326
22449
22528
22531
22592
22613
22654
22695
22776
22858
22940
23022
23104
23136
23186
23227
23232
23268
23309
23350
23432
23514
23596
23648
23678
23760
23840
23842
23924
23964
24005
24087
24210
24251
24292
24374
24456
24497
24538
24579
24620
24784
24825
24866
24907
24948
25030
25056
25112
25152
25193
25234
25248
25275
25398
25439
25521
25562
25603
25685
25760
25767
25808
25849
25856
25890
25931
25952
26013
26095
26177
26218
26300
26340
26368
26422
26463
26464
26504
26545
26560
26586
26668
26750
26873
26914
26996
27078
27160
27201
27264
27324
27360
27488
27528
27569
27774
27776
27856
27872
28020
28184
28348
28471
28480
28512
28553
28672
28676
28757
28839
28880
28921
29003
29167
29208
29249
29331
29413
29495
29577
29659
29823
29864
29888
29905
29945
29952
29984
30080
30150
30273
30314
30355
30396
30478
30560
30592
30642
30688
30724
30784
30806
30970
31052
31093
31133
31174
31256
31338
31420
31461
31502
31584
31748
31789
31830
31871
31912
31994
32000
32096
32117
32158
32199
32240
32403
32444
32485
32526
32567
32608
32649
32704
32731
32772
32895
32977
33100
33141
33182
33223
33305
33387
33408
33428
33469
33509
33550
33591
33632
33755
33796
33878
33919
33920
33960
34001
34042
34083
34112
34124
34208
34247
34288
34329
34370
34411
34452
34534
34624
34657
34697
34720
34738
34779
34816
34820
34902
34984
35025
35066
35107
35148
35189
35230
35312
35394
35435
35476
35640
35722
35804
35845
35886
35967
36032
36049
36128
36131
36172
36213
36224
36254
36377
36459
36500
36541
36582
36623
36640
36705
36736
36746
36787
36828
36869
36910
36928
36951
37033
37114
37196
37278
37344
37360
37442
37524
37536
37606
37632
37647
37688
37770
37852
37975
38016
38057
38098
38139
38221
38240
38302
38343
38384
38425
38466
38548
38630
38671
38712
38753
38848
38876
38944
38958
38999
39040
39122
39204
39286
39327
39409
39450
39456
39531
39552
39654
39695
39777
39859
39982
40023
40064
40146
40187
40228
40269
40310
40351
40352
40433
40515
40556
40597
40638
40678
40924
41056
41472
41568
41664
42176
42368
42880
42976
43072
43584
43680
43776
44192
44288
44480
45600
45696
45792
46304
46400
46912
47616
47808
48320
48416
48512
49024
49216
49920
50432
50528
50624
51040
51232
51744
52448
52544
52640
53152
53344
53856
54419
54656
54752
55168
55264
55360
55872
56768
57184
57888
57984
58080
58176
58592
58688
58784
59392
59488
60000
60096
60608
60800
60896
61504
62016
62112
62208
62720
62816
63424
63616
64128
64224
64320
64736
64928
65632
66240
66848
66944
67456
67744
68160
68352
68448
68864
69056
69568
69664
69760
70368
70464
70976
71072
71168
71584
71680
72480
72992
73184
73696
73792
73920
74304
75200
75296
75712
75808
75904
76416
76608
77120
77312
77728
77824
77920
78016
78432
78528
78624
78864
79400
79424
79936
80032
80640
81248
81344
82144
82560
82656
82752
84160
84576
84672
84768
84864
85280
85568
86080
86688
86880
87392
87488
88096
88192
88288
88896
89408
89504
89567
89600
90816
91008
91520
91616
91712
92096
92128
92320
93024
93536
93728
94240
94336
95136
95552
95648
95744
95840
96256
96352
96448
96960
97056
97760
97856
98272
98368
98560
98976
99072
99168
99872
99968
113088
120768
123584
131264
134080
134400
138944
141760
152256
162752
170432
176064
178112
183744
188608
191424
194240
197056
201920
204501
206598
206991
207385
207552
209089
209600
209875
210496
211973
214544
214857
215250
215643
217741
218048
218527
220096
220625
222931
223902
224295
225728
225999
226393
226688
226786
228544
228712
228883
230592
232554
233408
234258
236224
237142
237535
237929
238272
238322
239040
240026
240419
240813
241088
242880
243303
243697
245794
246187
246720
248285
248768
248952
249071
249465
251955
254053
254446
254839
256937
257216
257330
259072
259821
260607
262080
262705
263098
263296
263491
264896
265144
265195
265982
268866
269192
269760
271216
271357
273847
274241
275264
275392
276338
277518
278208
279222
279312
280009
280256
280402
282106
282893
283072
284990
285383
285384
285777
287408
288267
288661
290752
290758
291151
291456
291545
293249
293642
296384
296919
299017
299803
301248
301901
302294
302818
304391
305624
307648
308062
308455
310159
310553
310946
313043
313830
314560
315927
316714
318418
318811
319205
319598
321302
321695
321816
322089
322240
323072
323840
325268
325366
327463
327857
327888
330347
332736
332838
333231
336509
338213
338606
338999
340032
342056
344080
344767
346472
346865
347258
347651
349356
350535
352633
353728
355123
355910
356224
358007
358248
358401
360272
360891
361285
361678
364169
366266
366659
366918
367053
369664
370392
372034
372416
372821
374918
375311
375705
377278
377409
378195
378488
380512
381079
383177
383963
386061
386454
386584
388608
389731
391436
391829
392222
392615
392656
394320
394680
394713
395106
397204
397597
398728
400481
400874
402578
402971
403758
404800
405376
405462
405855
406249
406824
409133
409526
412896
414920
416944
418968
420992
423016
425040
426368
427064
431112
433136
434048
435160
437184
439208
441232
444544
445280
447360
449328
451352
452224
453376
455400
457424
457856
461472
465520
467544
469568
471592
473216
473616
476032
477664
479688
481712
483712
483736
485760
486528
487784
489344
489808
491832
494208
495880
497024
497904
501888
501952
503976
504704
506000
508024
509568
514096
515200
518016
518144
520168
520832
522192
522880
524216
526240
528512
530288
530560
532312
534336
536192
536360
538384
540408
541056
542432
544456
548504
550528
552552
554368
554576
556600
558624
560000
560648
562048
562672
564696
566720
567680
569344
570768
572544
572792
574816
576840
578176
580888
580992
582912
585856
586960
588984
591488
593032
593536
595056
597080
599104
599168
601984
605176
606848
609224
609664
611248
613272
615296
617320
620160
621368
623392
627440
629464
630656
631488
633512
635520
635536
637560
639584
643632
645656
646016
647680
648832
649704
651728
653752
657800
659328
661848
663872
667008
667920
671968
673992
680064
684112
688160
692208
696256
700304
702328
706176
706376
708400
712448
714472
716672
718520
720544
722568
724592
728640
729152
730664
736736
739318
740784
742808
744832
746856
748880
750144
752928
756976
759000
760640
761024
763048
765072
768320
769120
771144
775192
777216
778816
779240
781264
781632
785312
786496
787336
791384
792128
793408
795432
797456
799480
799808
803528
805552
809600
810304
811624
813648
815168
815672
817696
817984
819720
820800
821744
825664
825792
827816
828480
831296
833888
836160
837936
841792
841984
843840
846032
848056
849472
850080
852288
854336
856152
857152
858176
859968
860200
862224
862784
864248
870464
872344
874368
875328
876392
878144
878416
880440
882464
884488
885824
888536
888640
890560
892584
894272
896320
897920
898656
899136
900680
902704
904728
904768
906752
906816
908776
912448
912824
914848
916872
918896
920128
920920
922944
924968
930624
933064
935088
937112
938304
939136
941120
941160
943936
945208
949256
951616
953304
955328
957352
959296
962112
963424
965448
969496
969792
971520
973544
977472
977592
980288
981640
983104
983664
985688
987712
987968
989736
993784
999856
1001880
1003904
1005928
1014024
1018072
1020096
1024144
1028192
1030216
1036288
1040336
1042360
1048432
1052480
1056528
1060576
1064624
1066648
1068672
1072720
1076768
1080816
1082840
1084864
1088912
1092960
1094984
1097008
1101056
1103080
1109152
1113200
1117248
1119272
1121296
1125344
1129392
1133440
1137488
1141536
1145584
1147608
1149632
1151656
1153680
1157728
1161776
1165824
1169872
1173920
1177968
1182016
1184040
1186064
1190112
1196184
1198208
1200232
1204280
1208328
1210352
1212376
1214400
1216424
1224520
1226544
1228568
1230592
1232616
1236664
1240712
1244760
1246784
1248808
1254880
1256904
1260952
1262976
1265000
1269048
1273096
1275120
1277144
1279168
1281192
1285240
1289288
1293336
1295360
1299408
1301432
1305480
1307504
1309528
1311552
1313576
1317624
1321672
1327744
1329768
1333816
1337864
1341912
1343936
1350008
1358104
1360128
1362152
1372272
1376320
1384416
1392512
1400608
1406680
1408704
1410728
1416800
1420848
1424896
1426920
1428944
1432992
1441088
1443112
1445136
1449184
1453232
1457280
1461328
1465376
1473472
1475496
1477520
1479544
1489664
1495736
1497760
1499784
1501808
1505856
1509904
1513952
1518000
1522048
1530144
1534192
1536216
1538240
1540264
1544312
1548360
1552408
1554432
1556456
1560504
1568600
1570624
1572648
1574672
1576696
1580744
1586816
1588840
1590864
1592888
1600984
1603008
1605032
1607056
1609080
1613128
1617176
1619200
1625272
1629320
1635392
1637416
1639440
1641464
1645512
1649560
1651584
1653608
1655632
1657656
1659680
1661704
1667776
1669800
1673848
1675872
1677896
1679920
1681944
1683968
1685992
1692064
1694088
1696112
1698136
1700160
1702184
1706232
1712304
1714328
1716352
1718376
1720400
1724448
1728496
1730520
1732544
1734568
1736592
1738616
1740640
1744688
1748736
1750760
1752784
1760880
1764928
1768976
1771000
1773024
1777072
1781120
1785168
1787192
1789216
1791240
1797312
1801360
1803384
1805408
1807432
1809456
1813504
1815528
1817552
1819576
1821600
1823624
1825648
1829696
1833744
1837792
1841840
1845888
1849936
1853984
1858032
1860056
1862080
1866128
1870176
1876248
1878272
1880296
1882320
1884344
1888392
1892440
1894464
1896488
1898512
1900536
1904584
1908632
1910656
1912680
1914704
1920776
1924824
1926848
1928872
1932920
1936968
1941016
1943040
1947088
1949112
1953160
1959232
1961256
1965304
1969352
1975424
1977448
1983520
1985544
1987568
1989592
1991616
1993640
1997688
2001736
2003760
2005784
2007808
2009832
2021976
2688725
3896448
6563348
20482880
20725760
21762048
23186944
23381248
23834624
24417536
24579456
24611840
24806144
25648128
26231040
27267328
27461632
27655936
28497920
28676032
28886528
29922816
30311424
31542016
31736320
32772608
32966912
33161216
34003200
34197504
36852992
36869184
37241600
38277888
38666496
39378944
39508480
41042672
41125656
41127680
41206616
41321984
41516288
41538552
41704520
41787504
41953472
42119440
42202424
42358272
42451376
42552576
42617344
42700328
42746880
42949280
43115248
43281216
43447184
43611128
43694112
43777096
43783168
43943064
44109032
44171776
44275000
44357984
44440968
44606936
44772904
44855888
44938872
45104840
45187824
45436776
45596672
45602744
45726208
45768712
45851696
45934680
46098624
46264592
46430560
46596528
46762496
46827264
46928464
47011448
47021568
47094432
47177416
47260400
47426368
47592336
47758304
47863552
47924272
48090240
48252160
48256208
48422176
48503136
48586120
48752088
49001040
49084024
49167008
49332976
49498944
49581928
49664912
49747896
49830880
50162816
50245800
50328784
50411768
50494752
50660720
50713344
50826688
50907648
50990632
51073616
51101952
51156600
51405552
51488536
51654504
51737488
51820472
51986440
52138240
52152408
52235392
52318376
52332544
52401360
52484344
52526848
52650312
52816280
52982248
53065232
53231200
53312160
53368832
53478128
53561112
53563136
53644096
53727080
53757440
53810064
53976032
54142000
54390952
54473936
54639904
54805872
54971840
55054824
55182336
55303776
55376640
55635712
55716672
55799656
56214576
56218624
56380544
56412928
56712480
57044416
57376352
57625304
57643520
57708288
57791272
58032128
58040224
58204168
58370136
58453120
58536104
58702072
59034008
59116992
59199976
59365944
59531912
59697880
59863848
60029816
60361752
60444736
60493312
60527720
60608680
60622848
60687616
60881920
61023600
61272552
61355536
61438520
61521504
61687472
61853440
61918208
62019408
62112512
62185376
62306816
62351344
62683280
62849248
62932232
63013192
63096176
63262144
63428112
63594080
63677064
63760048
63926016
64257952
64340936
64423920
64506904
64589888
64755856
64768000
64962304
65004808
65087792
65170776
65253760
65583672
65666656
65749640
65832624
65915608
65998592
66081576
66192896
66247544
66330528
66579480
66745448
66994400
67077384
67160368
67243352
67409320
67575288
67617792
67658272
67741256
67822216
67905200
67988184
68071168
68320120
68403104
68569072
68652056
68654080
68735040
68818024
68901008
68983992
69042688
69066976
69236992
69315928
69398912
69481896
69564880
69647864
69730848
69896816
70078976
70145768
70226728
70273280
70309712
70392696
70467584
70475680
70641648
70807616
70890600
70973584
71056568
71139552
71222536
71305520
71471488
71637456
71720440
71803424
72135360
72301328
72467296
72550280
72633264
72797208
72928768
72963176
73123072
73129144
73212128
73295112
73317376
73378096
73627048
73793016
73876000
73958984
74041968
74124952
74159360
74290920
74353664
74373904
74456888
74539872
74622856
74705840
74742272
74788824
74954792
75118736
75284704
75450672
75584256
75616640
75782608
75948576
75972864
76114544
76167168
76197528
76280512
76446480
76612448
76861400
76944384
77027368
77110352
77193336
77359304
77397760
77523248
77606232
77689216
77772200
77855184
78021152
78187120
78270104
78353088
78436072
78628352
78685024
78822656
78850992
78933976
79016960
79182928
79348896
79514864
79597848
79763816
79846800
79858944
80010744
80053248
80259696
80342680
80508648
80674616
80923568
81006552
81089536
81255504
81338488
81421472
81504456
81587440
81670424
81672448
81836392
82002360
82085344
82168328
82251312
82332272
82830176
83097344
83939328
84133632
84327936
85364224
85752832
86789120
86983424
87177728
88214016
88408320
88602624
89444608
89638912
90027520
92294400
92488704
92683008
93719296
93913600
94949888
96374784
96763392
97799680
97993984
98188288
99224576
99613184
101038080
102074368
102268672
102462976
103304960
103693568
104729856
106154752
106349056
106543360
107579648
107968256
109004544
110144056
110623744
110818048
111660032
111854336
112048640
113084928
114898432
115740416
117165312
117359616
117553920
117748224
118590208
118784512
118978816
120209408
120403712
121440000
121634304
122670592
123059200
123253504
124484096
125520384
125714688
125908992
126945280
127139584
128370176
128758784
129795072
129989376
130183680
131025664
131414272
132839168
134069760
135300352
135494656
136530944
137113856
137955840
138344448
138538752
139380736
139769344
140805632
140999936
141194240
142424832
142619136
143655424
143849728
144044032
144886016
145080320
146699520
147735808
148124416
149160704
149355008
149614080
150391296
152204800
152399104
153241088
153435392
153629696
154665984
155054592
156090880
156479488
157321472
157515776
157710080
157904384
158746368
158940672
159134976
159620736
160705600
160754176
161790464
161984768
163215360
164445952
164640256
166259456
167101440
167295744
167490048
170339840
171181824
171376128
171570432
171764736
172606720
173189632
174225920
175456512
175845120
176881408
177075712
178306304
178500608
178694912
179925504
180961792
181156096
181283608
181350400
183811584
184200192
185236480
185430784
185625088
186402304
186467072
186855680
188280576
189316864
189705472
190741760
190936064
192555264
193397248
193591552
193785856
193980160
194822144
195016448
195210752
196247040
196441344
197866240
198060544
198902528
199096832
199485440
200327424
200521728
200716032
202140928
202335232
2027805120
2031901696
2035998272
2052384576
2060577728
2064674304
2072867456
2081060608
2085157184
2097446912
2105640064
2109736640
2122026368
2130219520
2138412672
2146605824
2154798976
2158895552
2162992128
2171185280
2179378432
2187571584
2191668160
2195764736
2203957888
2212151040
2216247616
2220344192
2228537344
2232633920
2244923648
2253116800
2261309952
2265406528
2269503104
2277696256
2285889408
2294082560
2302275712
2310468864
2318662016
2322758592
2326855168
2330951744
2335048320
2343241472
2351434624
2359627776
2367820928
2376014080
2384207232
2392400384
2396496960
2400593536
2408786688
2421076416
2425172992
2429269568
2437462720
2445655872
2449752448
2453849024
2457945600
2462042176
2478428480
2482525056
2486621632
2490718208
2494814784
2503007936
2511201088
2519394240
2523490816
2527587392
2539877120
2543973696
2552166848
2556263424
2560360000
2568553152
2576746304
2580842880
2584939456
2589036032
2593132608
2601325760
2609518912
2617712064
2621808640
2630001792
2634098368
2642291520
2646388096
2650484672
2654581248
2658677824
2666870976
2675064128
2687353856
2691450432
2699643584
2707836736
2716029888
2720126464
2732416192
2748802496
2752899072
2756995648
2777478528
2785671680
2802057984
2818444288
2834830592
2847120320
2851216896
2855313472
2867603200
2875796352
2883989504
2888086080
2892182656
2900375808
2916762112
2920858688
2924955264
2933148416
2941341568
2949534720
2957727872
2965921024
2982307328
2986403904
2990500480
2994597056
3015079936
3027369664
3031466240
3035562816
3039659392
3047852544
3056045696
3064238848
3072432000
3080625152
3097011456
3105204608
3109301184
3113397760
3117494336
3125687488
3133880640
3142073792
3146170368
3150266944
3158460096
3174846400
3178942976
3183039552
3187136128
3191232704
3199425856
3211715584
3215812160
3219908736
3224005312
3240391616
3244488192
3248584768
3252681344
3256777920
3264971072
3273164224
3277260800
3289550528
3297743680
3310033408
3314129984
3318226560
3322323136
3330516288
3338709440
3342806016
3346902592
3350999168
3355095744
3359192320
3363288896
3375578624
3379675200
3387868352
3391964928
3396061504
3400158080
3404254656
3408351232
3412447808
3424737536
3428834112
3432930688
3437027264
3441123840
3445220416
3453413568
3465703296
3469799872
3473896448
3477993024
3482089600
3490282752
3498475904
3502572480
3506669056
3510765632
3514862208
3518958784
3523055360
3531248512
3539441664
3543538240
3547634816
3564021120
3572214272
3580407424
3584504000
3588600576
3596793728
3604986880
3613180032
3617276608
3621373184
3625469760
3637759488
3645952640
3650049216
3654145792
3658242368
3662338944
3670532096
3674628672
3678725248
3682821824
3686918400
3691014976
3695111552
3703304704
3711497856
3719691008
3727884160
3736077312
3744270464
3752463616
3760656768
3764753344
3768849920
3777043072
3785236224
3797525952
3801622528
3805719104
3809815680
3813912256
3822105408
3830298560
3834395136
3838491712
3842588288
3846684864
3854878016
3863071168
3867167744
3871264320
3875360896
3887650624
3895843776
3899940352
3904036928
3912230080
3920423232
3928616384
3932712960
3940906112
3945002688
3953195840
3965485568
3969582144
3977775296
3985968448
3998258176
4002354752
4014644480
4018741056
4022837632
4026934208
4031030784
4035127360
4043320512
4051513664
4055610240
4059706816
4063803392
4067899968
4092479424
5441979400
7886410752
13284216352
204501073920
206598520832
206991792128
207385063424
209089239040
209875781632
211973228544
214857218048
215250489344
215643760640
217741207552
218527750144
220625197056
222931569344
223902457856
224295729152
225999904768
226393176064
226786447360
228883894272
232554426368
234258601984
237142591488
237535862784
237929134080
238322405376
240026580992
240419852288
240813123584
243303841792
243697113088
245794560000
246187831296
248285278208
249071820800
249465092096
251955810304
254053257216
254446528512
254839799808
256937246720
257330518016
259821236224
260607778816
262705225728
263098497024
263491768320
265195943936
265982486528
268866476032
271357194240
273847912448
274241183744
276338630656
277518444544
279222620160
280009162752
280402434048
282106609664
282893152256
284990599168
285383870464
285777141760
288267859968
288661131264
290758578176
291151849472
291545120768
293249296384
293642567680
296919828480
299017275392
299803817984
301901264896
302294536192
302818897920
304391983104
308062515200
308455786496
310159962112
310553233408
310946504704
313043951616
313830494208
315927941120
316714483712
318418659328
318811930624
319205201920
319598473216
321302648832
321695920128
322089191424
323072369664
325268134400
325366452224
327463899136
327857170432
330347888640
332838606848
333231878144
336509138944
338213314560
338606585856
338999857152
344767836160
346472011776
346865283072
347258554368
347651825664
349356001280
350535815168
352633262080
355123980288
355910522880
358007969792
358401241088
360891959296
361285230592
361678501888
364169220096
366266667008
366659938304
366918022592
367053209600
372034646016
372821188608
374918635520
375311906816
375705178112
377278263296
377409353728
378195896320
381079885824
383177332736
383963875328
386061322240
386454593536
389731854336
391436029952
391829301248
392222572544
392615843840
394320019456
394713290752
395106562048
397204008960
397597280256
400481269760
400874541056
402578716672
402971987968
403758530560
405462706176
405855977472
406249248768
409133238272
409526509568
26887253896448
